% Training
A = [
256,157,63,171,77,121,51,198,167,1;
256,74,59,91,84,51,50,107,193,2;
256,323,46,359,98,277,23,419,256,4;
256,179,37,231,120,104,21,258,256,5;
256,90,72,158,183,1,22,231,256,6;
256,98,44,116,79,40,14,141,256,3;
256,119,63,222,221,33,1,343,256,6;
256,130,21,145,42,107,11,161,205,2;
256,213,54,268,111,191,11,360,256,4;
256,241,40,295,119,136,12,377,255,4;
256,162,68,258,184,74,1,349,256,6;
256,283,28,426,196,1,1,460,256,6;
256,262,55,319,214,262,1,432,256,6;
256,132,41,222,216,1,1,283,256,6;
256,239,135,243,141,234,132,246,178,1;
256,217,30,261,96,102,9,341,256,4;
256,121,66,132,81,93,51,168,240,2;
256,279,25,319,90,211,4,391,256,4;
256,77,81,128,188,67,9,284,256,6;
256,270,92,279,107,246,87,292,216,1;
256,197,84,291,209,96,40,389,256,6;
256,168,8,231,91,101,1,307,232,5;
256,290,72,299,84,274,70,315,162,1;
256,327,43,353,87,288,24,408,256,4;
256,193,68,236,143,189,35,363,256,5;
256,248,94,296,157,137,56,319,256,5;
256,188,52,266,201,45,2,358,256,6;
256,159,43,273,212,99,1,376,256,6;
256,178,65,230,122,80,21,350,254,5;
256,108,106,212,246,1,25,310,256,6;
256,257,60,370,223,109,1,492,256,6;
256,155,52,201,186,1,5,201,256,6;
256,190,61,305,207,155,1,372,256,6;
256,165,45,228,129,41,1,244,256,5;
256,133,74,175,121,56,19,247,255,4;
256,171,68,272,229,79,1,384,256,6;
256,109,50,191,153,41,1,329,256,6;
256,181,60,227,130,39,43,239,256,4;
256,119,48,173,145,102,1,336,256,5;
256,211,42,301,198,190,1,432,256,6;
256,378,26,420,95,369,5,504,255,4;
256,162,69,177,86,109,49,194,238,2;
256,240,26,263,67,189,14,298,256,3;
256,81,75,128,148,1,55,137,256,5;
256,183,38,255,140,1,1,374,256,5;
256,189,72,301,191,1,31,401,256,6;
256,113,35,154,93,64,5,249,255,4;
256,118,1,348,256,22,1,381,256,7;
256,161,19,187,52,128,9,191,250,3;
256,129,8,295,241,1,1,376,256,6;
256,254,45,351,217,91,1,372,254,6;
256,201,66,249,125,93,16,335,255,4;
256,93,1,300,256,1,1,321,256,7;
256,136,65,260,252,18,1,354,256,6;
256,150,17,240,148,1,1,300,256,6;
256,309,54,380,223,102,1,434,256,6;
256,269,137,288,175,117,111,346,254,4;
256,132,37,214,131,103,8,320,256,6;
256,122,39,224,178,1,1,299,256,6;
256,45,31,147,210,1,1,207,256,6;
256,96,1,315,256,21,1,382,256,7;
256,151,74,203,142,91,34,291,256,5;
256,105,37,222,210,1,1,249,256,6;
256,122,45,145,69,98,26,187,245,3;
256,158,64,256,216,139,1,400,254,6;
256,272,76,318,154,270,35,438,256,5;
256,369,43,387,70,357,37,425,255,2;
256,182,46,286,194,119,1,448,256,6;
256,307,23,425,203,216,1,544,256,6;
256,164,74,236,162,22,8,300,256,5;
256,157,32,197,92,122,12,257,256,4;
256,108,97,143,135,75,75,172,256,4;
256,327,66,370,121,294,42,482,256,4;
256,241,72,336,206,38,1,410,256,6;
256,122,46,211,169,20,11,352,226,6;
256,144,70,206,165,50,12,308,254,6;
256,155,25,169,46,143,20,201,211,2;
256,281,67,339,143,185,25,384,256,5;
256,220,10,320,208,221,1,320,256,6;
256,146,52,222,160,63,1,357,255,5;
256,163,36,283,242,98,1,397,254,6;
256,91,50,187,190,52,1,331,256,6;
256,176,57,373,256,1,1,428,256,7;
256,167,41,272,204,96,1,374,254,6;
256,231,112,239,123,216,107,254,217,1;
256,99,45,124,73,44,36,145,242,2;
256,193,45,235,111,63,19,370,254,4;
256,123,124,206,206,1,12,284,256,6;
256,310,57,404,203,227,1,560,256,6;
256,127,26,245,224,1,1,317,256,6;
256,103,52,154,136,41,13,234,256,5;
256,147,37,209,117,24,7,319,256,5;
256,80,70,107,123,19,43,215,256,4;
256,134,64,170,113,53,23,228,256,4;
256,193,1,439,256,164,1,472,256,7;
256,276,48,310,101,237,6,389,256,4;
256,203,34,240,78,137,1,296,256,4;
256,199,50,245,172,189,1,426,256,6;
256,300,117,408,256,228,51,483,256,6;
256,219,82,294,211,211,1,487,256,6;
256,313,51,431,237,204,1,496,256,6;
256,174,65,221,121,81,44,301,255,4;
256,251,59,334,195,242,4,462,256,6;
256,191,56,265,170,149,20,313,256,6;
256,147,51,183,125,128,5,308,256,5;
256,208,63,350,240,183,1,432,256,6;
256,370,74,440,241,145,1,439,256,6;
256,258,62,302,111,238,11,389,256,4;
256,277,57,327,197,56,1,368,256,6;
256,115,18,223,210,115,1,320,256,6;
256,215,44,268,115,196,1,410,256,4;
256,90,29,107,52,75,20,129,231,2;
256,136,66,191,166,38,17,220,255,6;
256,283,66,386,220,221,6,555,256,6;
256,114,61,189,218,1,27,189,254,6;
256,97,61,118,101,3,35,121,256,4;
256,120,57,167,122,16,1,314,256,5;
256,119,40,182,122,28,1,247,256,5;
256,142,57,202,140,41,7,319,256,5;
256,195,51,272,153,34,14,377,256,5;
256,83,87,146,166,2,12,221,256,5;
256,116,78,153,129,81,49,211,255,4;
256,242,77,294,147,155,44,362,256,5;
256,190,58,292,207,174,1,405,256,6;
256,128,60,149,107,1,31,156,256,4;
256,1,1,303,256,94,1,305,256,7;
256,116,74,164,142,45,46,241,174,4;
256,287,59,325,110,175,2,367,256,4;
256,176,30,298,214,21,1,432,256,6;
256,138,33,221,217,1,1,332,256,6;
256,111,90,150,123,62,40,220,256,4;
256,156,37,271,167,108,13,271,256,6;
256,107,62,161,187,22,18,236,254,5;
256,305,61,322,87,273,55,348,255,2;
256,212,27,232,52,186,20,247,239,2;
256,141,57,204,156,4,16,204,256,5;
256,300,31,337,94,273,4,391,256,4;
256,244,19,294,78,130,15,401,256,4;
256,369,32,427,124,275,10,547,256,4;
256,165,51,192,88,135,43,283,256,3;
256,210,49,230,79,163,30,271,218,3;
256,147,1,384,256,1,1,432,256,7;
256,233,45,316,159,163,1,384,256,6;
256,194,27,216,59,164,11,228,256,3;
256,190,108,202,121,176,102,216,171,1;
256,266,59,312,121,191,15,408,255,4;
256,86,44,137,158,1,5,166,256,5;
256,288,51,386,197,283,1,533,256,6;
256,151,50,202,115,76,14,256,256,4;
256,69,70,107,112,8,30,169,256,4;
256,227,45,310,177,93,1,381,256,6;
256,194,53,235,105,95,18,306,256,4;
256,188,47,216,95,159,3,293,256,4;
256,173,50,185,67,160,43,195,158,1;
256,137,79,208,158,50,22,287,256,5;
256,230,69,311,191,141,11,392,256,6;
256,124,54,182,124,61,2,242,256,5;
256,137,41,207,153,19,16,320,256,6;
256,352,66,384,113,307,30,504,256,4;
256,188,45,246,93,58,44,301,256,5;
256,243,66,305,190,243,2,418,255,6;
256,292,57,346,123,250,2,401,256,5;
256,241,13,369,216,179,1,549,256,6;
256,164,31,180,56,149,21,218,243,2;
256,201,84,266,198,13,23,361,256,6;
256,165,35,265,200,96,1,371,254,6;
256,235,79,277,128,161,33,356,256,4;
256,148,15,270,208,149,1,391,255,6;
256,59,86,130,153,1,6,286,256,5;
256,87,43,152,175,1,1,194,256,6;
256,171,50,187,77,165,24,265,256,3;
256,220,90,291,199,214,38,320,256,6;
256,121,36,174,118,44,7,234,254,5;
256,131,62,199,167,27,24,230,256,6;
256,165,71,258,224,1,1,302,256,6;
256,132,39,203,151,52,7,320,256,5;
256,105,29,133,73,83,13,308,256,3;
256,114,44,218,189,1,1,349,256,6;
256,305,1,476,234,213,1,544,256,6;
256,161,50,202,106,46,13,272,256,4;
256,194,31,255,115,76,1,328,256,5;
256,196,54,255,147,85,22,308,256,5;
256,216,44,274,124,118,18,354,254,5;
256,112,3,246,250,44,1,282,256,6;
256,170,37,239,129,85,1,334,256,5;
256,136,28,156,68,84,1,162,256,3;
256,169,75,193,105,126,53,245,256,3;
256,176,34,291,222,133,1,448,256,6;
256,129,45,208,154,21,6,400,230,6;
256,137,74,215,188,1,13,345,256,6;
256,124,40,172,128,1,1,195,256,5;
256,271,78,282,95,232,69,290,220,1;
256,246,52,293,119,221,1,378,256,5;
256,179,32,324,228,1,1,351,256,6;
256,142,49,221,161,46,16,319,256,6;
256,1,1,544,256,1,1,544,256,7;
256,207,51,246,98,165,16,352,256,4;
256,1,26,399,256,1,26,400,256,7;
256,261,5,425,226,104,1,528,256,6;
256,167,60,261,214,140,1,398,254,6;
256,101,38,136,92,64,16,201,253,4;
256,209,46,237,92,202,33,292,256,3;
256,214,46,223,56,197,37,239,138,1;
256,218,38,264,102,104,16,307,256,4;
256,403,56,436,97,362,29,498,256,3;
256,127,40,231,215,127,1,320,256,6;
256,153,45,251,190,32,1,403,256,6;
256,122,60,187,145,12,9,241,256,5;
256,230,54,320,182,108,1,321,255,6;
256,207,73,260,138,171,26,323,256,5;
256,369,37,382,58,346,28,409,217,2;
256,154,61,212,167,28,33,320,256,6;
256,38,21,150,189,1,1,228,255,6;
256,232,122,244,135,192,112,254,242,1;
256,308,31,322,54,281,24,343,223,2;
256,292,24,349,102,179,16,414,256,5;
256,200,49,295,178,127,1,489,256,5;
256,193,29,214,62,168,19,257,256,3;
256,252,1,477,256,224,1,560,256,7;
256,125,110,184,224,1,1,237,256,6;
256,73,54,187,222,8,1,320,256,6;
256,250,64,309,149,1,43,392,256,5;
256,95,43,157,119,1,1,167,256,5;
256,71,63,127,151,1,8,205,256,5;
256,297,29,431,207,175,1,558,254,6;
